Master Thesis Project Philip Salomons i6154933 
Learning to Branch on the Capacitated Vehicle Routing Problem 

**--**--**--**--**--**--**--**--**--**--**--**--**--**--**--**--**--**--**
**--**--**--**--**--**--       LOG File           ---**--**--**--**--**--**

R: 3

Vector:
10000 333 312 306 881 922 838 1131 203 844 906 553 465 922 875 576 491 378 511 486 882 
333 10000 163 81 672 606 511 820 133 589 582 456 195 631 625 435 402 143 395 165 597 
312 163 10000 82 581 730 621 827 145 532 697 306 161 774 564 301 248 78 249 219 743 
306 81 82 10000 628 669 567 825 107 561 641 382 165 704 596 369 326 86 323 182 671 
881 672 581 628 10000 861 740 489 724 154 800 366 477 981 128 315 414 542 383 541 975 
922 606 730 669 861 10000 125 612 736 708 63 902 610 142 741 842 878 660 850 518 164 
838 511 621 567 740 125 10000 535 644 588 76 778 493 243 622 717 757 548 727 405 247 
1131 820 827 825 489 612 535 10000 932 377 553 771 667 754 376 701 792 754 755 654 771 
203 133 145 107 724 736 644 932 10000 665 714 445 272 753 699 446 384 189 390 282 717 
844 589 532 561 154 708 588 377 665 10000 647 400 397 830 39 333 431 476 394 439 827 
906 582 697 641 800 63 76 553 714 647 10000 853 569 202 679 791 832 624 802 480 219 
553 456 306 382 366 902 778 771 445 400 853 10000 311 982 415 71 62 315 60 412 961 
465 195 161 165 477 610 493 667 272 397 569 311 10000 677 433 270 275 87 253 100 653 
922 631 774 704 981 142 243 754 753 830 202 982 677 10000 865 927 951 711 926 578 44 
875 625 564 596 128 741 622 376 699 39 679 415 433 865 10000 350 450 510 414 477 862 
576 435 301 369 315 842 717 701 446 333 791 71 270 927 350 10000 100 292 68 368 908 
491 402 248 326 414 878 757 792 384 431 832 62 275 951 450 100 10000 266 37 375 928 
378 143 78 86 542 660 548 754 189 476 624 315 87 711 510 292 266 10000 255 144 683 
511 395 249 323 383 850 727 755 390 394 802 60 253 926 414 68 37 255 10000 354 904 
486 165 219 182 541 518 405 654 282 439 480 412 100 578 477 368 375 144 354 10000 553 
882 597 743 671 975 164 247 771 717 827 219 961 653 44 862 908 928 683 904 553 10000 
Starting...
Creating CPLEX instance!

Number of customers: 21
Sum of all demands: 939
Capacity: 140
KMin: 7

Version identifier: 22.1.1.0 | 2022-11-28 | 9160aff4d
CPXPARAM_TimeLimit                               60
Tried aggregator 2 times.
MIP Presolve eliminated 0 rows and 21 columns.
Aggregator did 190 substitutions.
Reduced MIP has 42 rows, 230 columns, and 840 nonzeros.
Reduced MIP has 210 binaries, 20 generals, 0 SOSs, and 0 indicators.
Presolve time = 0.01 sec. (0.81 ticks)
Found incumbent of value 30720.000000 after 0.01 sec. (1.53 ticks)
Probing time = 0.00 sec. (0.12 ticks)
Cover probing fixed 0 vars, tightened 20 bounds.
Tried aggregator 1 time.
Detecting symmetries...
Reduced MIP has 42 rows, 230 columns, and 840 nonzeros.
Reduced MIP has 230 binaries, 0 generals, 0 SOSs, and 0 indicators.
Presolve time = 0.00 sec. (0.40 ticks)
Probing time = 0.00 sec. (0.05 ticks)
MIP emphasis: balance optimality and feasibility.
MIP search method: dynamic search.
Parallel mode: deterministic, using up to 4 threads.
Root relaxation solution time = 0.00 sec. (0.19 ticks)

        Nodes                                         Cuts/
   Node  Left     Objective  IInf  Best Integer    Best Bound    ItCnt     Gap

*     0+    0                        30720.0000        0.0000           100.00%
      0     0    17798.0000     6    30720.0000    17798.0000       30   42.06%
*     0     0      integral     0    18296.0000       Cuts: 7       46    0.00%
      0     0        cutoff          18296.0000    18296.0000       46    0.00%
Elapsed time = 0.12 sec. (4.45 ticks, tree = 0.01 MB, solutions = 2)

Zero-half cuts applied:  3
Lift and project cuts applied:  2
Gomory fractional cuts applied:  2

Root node processing (before b&c):
  Real time             =    0.13 sec. (4.47 ticks)
Parallel b&c, 4 threads:
  Real time             =    0.00 sec. (0.00 ticks)
  Sync time (average)   =    0.00 sec.
  Wait time (average)   =    0.00 sec.
                          ------------
Total (root+branch&cut) =    0.13 sec. (4.47 ticks)
Solution status = Optimal
Solution value  = 18296
0  1  1  1  1  0  1  0  1  0  0  1  1  0  0  1  1  1  1  1  1  
1  0  0  0  0  0  0  0  1  0  0  0  0  0  0  0  0  0  0  0  0  
1  0  0  1  0  0  0  0  0  0  0  0  0  0  0  0  0  0  0  0  0  
1  0  1  0  0  0  0  0  0  0  0  0  0  0  0  0  0  0  0  0  0  
1  0  0  0  0  0  0  0  0  0  0  0  0  0  1  0  0  0  0  0  0  
0  0  0  0  0  0  0  0  0  0  1  0  0  1  0  0  0  0  0  0  0  
1  0  0  0  0  0  0  0  0  0  1  0  0  0  0  0  0  0  0  0  0  
0  0  0  0  0  0  0  0  0  1  0  0  0  0  0  0  0  0  0  1  0  
1  1  0  0  0  0  0  0  0  0  0  0  0  0  0  0  0  0  0  0  0  
0  0  0  0  0  0  0  1  0  0  0  0  0  0  1  0  0  0  0  0  0  
0  0  0  0  0  1  1  0  0  0  0  0  0  0  0  0  0  0  0  0  0  
1  0  0  0  0  0  0  0  0  0  0  0  0  0  0  1  0  0  0  0  0  
1  0  0  0  0  0  0  0  0  0  0  0  0  0  0  0  0  1  0  0  0  
0  0  0  0  0  1  0  0  0  0  0  0  0  0  0  0  0  0  0  0  1  
0  0  0  0  1  0  0  0  0  1  0  0  0  0  0  0  0  0  0  0  0  
1  0  0  0  0  0  0  0  0  0  0  1  0  0  0  0  0  0  0  0  0  
1  0  0  0  0  0  0  0  0  0  0  0  0  0  0  0  0  0  1  0  0  
1  0  0  0  0  0  0  0  0  0  0  0  1  0  0  0  0  0  0  0  0  
1  0  0  0  0  0  0  0  0  0  0  0  0  0  0  0  1  0  0  0  0  
1  0  0  0  0  0  0  1  0  0  0  0  0  0  0  0  0  0  0  0  0  
1  0  0  0  0  0  0  0  0  0  0  0  0  1  0  0  0  0  0  0  0  
Running...

Vector:
1 8 
2 3 
4 14 9 7 19 
6 10 5 13 20 
11 15 
12 17 
16 18 

Vector:
0 1 1 1 1 0 1 0 1 0 0 1 1 0 0 1 1 1 1 1 1 
1 0 0 0 0 0 0 0 1 0 0 0 0 0 0 0 0 0 0 0 0 
1 0 0 1 0 0 0 0 0 0 0 0 0 0 0 0 0 0 0 0 0 
1 0 1 0 0 0 0 0 0 0 0 0 0 0 0 0 0 0 0 0 0 
1 0 0 0 0 0 0 0 0 0 0 0 0 0 1 0 0 0 0 0 0 
0 0 0 0 0 0 0 0 0 0 1 0 0 1 0 0 0 0 0 0 0 
1 0 0 0 0 0 0 0 0 0 1 0 0 0 0 0 0 0 0 0 0 
0 0 0 0 0 0 0 0 0 1 0 0 0 0 0 0 0 0 0 1 0 
1 1 0 0 0 0 0 0 0 0 0 0 0 0 0 0 0 0 0 0 0 
0 0 0 0 0 0 0 1 0 0 0 0 0 0 1 0 0 0 0 0 0 
0 0 0 0 0 1 1 0 0 0 0 0 0 0 0 0 0 0 0 0 0 
1 0 0 0 0 0 0 0 0 0 0 0 0 0 0 1 0 0 0 0 0 
1 0 0 0 0 0 0 0 0 0 0 0 0 0 0 0 0 1 0 0 0 
0 0 0 0 0 1 0 0 0 0 0 0 0 0 0 0 0 0 0 0 1 
0 0 0 0 1 0 0 0 0 1 0 0 0 0 0 0 0 0 0 0 0 
1 0 0 0 0 0 0 0 0 0 0 1 0 0 0 0 0 0 0 0 0 
1 0 0 0 0 0 0 0 0 0 0 0 0 0 0 0 0 0 1 0 0 
1 0 0 0 0 0 0 0 0 0 0 0 1 0 0 0 0 0 0 0 0 
1 0 0 0 0 0 0 0 0 0 0 0 0 0 0 0 1 0 0 0 0 
1 0 0 0 0 0 0 1 0 0 0 0 0 0 0 0 0 0 0 0 0 
1 0 0 0 0 0 0 0 0 0 0 0 0 1 0 0 0 0 0 0 0 

Vector:
1 8 
2 3 
4 14 9 7 19 
6 10 5 13 20 
11 15 
12 17 
16 18 
